$ANSIBLE_VAULT;1.1;AES256
35346431373161343532396435653332323036653861633038303637356235313361383634313433
6134383439333639386537646330396664383466666631630a633763656134376238663537316638
65326365636261613236623565633866353238353261333064343734313336633962373661363431
3836353461666234370a386336366336613531373339326638343439393764653831323630366636
34306633336132663239663835373635333766626435636461643636313732656536386431363530
39623234663164343864336537353839323530313636666566636461343738373633396131343134
62386432386439616463616235353532613862633439393961376439323261383266346238396336
31356234323432303563653133356338393536396131343330346162303664646232633335623035
65396631376463303235633831383138646532623134386661373536616134333330633837356461
65633136663637313165643364343563396237303061373365356435383434653761396335386630
66666331323865363437633931313330373432613065323535356466316233366330313739626462
63306437343739616634313230663036653633663963663961346565616262613863636436313036
30356633376562346436613637393263343865663538613036323466363161633130303530326438
34653632343861313361373465393535653530336639323934613166336536323936343461383464
38623934306439333462663536353465343064653832633264333239636432623338306638373034
32346138303463303030386230316265373735356331326136666535653032313431626636666437
37643832643834396561323930643563333634656666663235363962613239303730663638653966
35323431653439663165363664373333366437383438363630393232363066306465663631353262
39316266313336623635643266353630663862313638646263616533323233313239303739386132
35356632396633613362383930633438383666633364373239643034396261623265386435333766
35616339643166666663383238626661653363353431616361623965643764366162336235363730
31313736666531323061303465326636373265366161393738646563613433376163626135363134
33363933356564393638616665626361343034663334663136313264303961376131396438653865
30613037663535333132363830386465386465613833636661396662623332356364616537303031
34303063663064346131336266303430633961396533313635393933653961363532313134343437
66376138373164613163303139616331393563613963633133393365313036363939346636333932
38663065333236336561326365613864313435306466626539366265306635363832386332393335
30633336646135373338363834303331323438616530313932386665613334373638663366616639
37323065323361313463336164313165313332356464623630366661363165323537313962363962
62643261393639343237316662393961623935613263666238353261366362363339356166366637
35636430363664396239366333313961353061623638323033616139306266663637373930646635
34363765623330323463396631653766643234373136383539353031356333356134336231653464
61373966326465313430336564633533643735396337663931343832336537343362383937623165
37383565343065353562366339336433313231333262636139666663373536363665313033333366
65646436636639326663393936396437343434343162653035666433656230353037663331616330
32373563326662656334663133306339366431396163626634633565336364623931633236303961
3433
